1707661667512 0.23038333654403687 0
1707661680722 0.40595000982284546 1
1707661694018 0.5270500183105469 2
1707661707349 0.6069999933242798 3
1707661722299 0.6487833261489868 4
1707661736112 0.6753000020980835 5
1707661749309 0.6949166655540466 6
1707661763472 0.7074499726295471 7
1707661776374 0.7233166694641113 8
1707661790654 0.7329833507537842 9
1707661804625 0.7442166805267334 10
1707661818878 0.7546666860580444 11
1707661833120 0.7647333145141602 12
1707661847492 0.7726500034332275 13
1707661862120 0.7812166810035706 14
1707661877040 0.7887166738510132 15
1707661892023 0.7951666712760925 16
1707661906534 0.8015166521072388 17
1707661920557 0.8072333335876465 18
1707661934702 0.8115000128746033 19
1707661949572 0.8164499998092651 20
1707661963109 0.8204833269119263 21
1707661974566 0.8240333199501038 22
1707661986453 0.8271666765213013 23
1707662000596 0.8306333422660828 24
1707662016108 0.8339999914169312 25
1707662030455 0.8370000123977661 26
1707662043845 0.8401666879653931 27
1707662057942 0.841949999332428 28
1707662072673 0.8444666862487793 29
