1707661667512 2.262483596801758 0
1707661680722 2.18211030960083 1
1707661694018 2.1122639179229736 2
1707661707349 2.0392227172851562 3
1707661722299 1.9621788263320923 4
1707661736112 1.8808846473693848 5
1707661749309 1.7951288223266602 6
1707661763472 1.706963300704956 7
1707661776374 1.617125391960144 8
1707661790654 1.5273650884628296 9
1707661804625 1.4399168491363525 10
1707661818878 1.3562179803848267 11
1707661833120 1.2775534391403198 12
1707661847492 1.204663872718811 13
1707661862120 1.1374967098236084 14
1707661877040 1.0766160488128662 15
1707661892023 1.021788477897644 16
1707661906534 0.9723514914512634 17
1707661920557 0.9277614951133728 18
1707661934702 0.8876110911369324 19
1707661949572 0.8513402938842773 20
1707661963109 0.8185300827026367 21
1707661974566 0.788929283618927 22
1707661986453 0.761909544467926 23
1707662000596 0.7374215126037598 24
1707662016108 0.715097188949585 25
1707662030455 0.6945546269416809 26
1707662043845 0.6756159067153931 27
1707662057942 0.6583909392356873 28
1707662072673 0.6424098014831543 29
