1707680823404 0.800849974155426 0
1707680860075 0.8618833422660828 1
1707680895065 0.8784666657447815 2
1707680931531 0.8845666646957397 3
1707680967547 0.8924000263214111 4
1707680999318 0.8988166451454163 5
1707681033468 0.90256667137146 6
1707681068541 0.9027833342552185 7
1707681105982 0.9099000096321106 8
1707681138862 0.9116166830062866 9
1707681169106 0.9151666760444641 10
1707681198522 0.9172000288963318 11
1707681227965 0.9213333129882812 12
1707681256258 0.9200666546821594 13
1707681283526 0.9239333271980286 14
1707681310971 0.9257166385650635 15
1707681339931 0.927299976348877 16
1707681370212 0.9296166896820068 17
1707681398800 0.9313333630561829 18
1707681426264 0.9295499920845032 19
1707681455591 0.9297166466712952 20
1707681492231 0.9311333298683167 21
1707681528373 0.9332333207130432 22
1707681565645 0.933983325958252 23
1707681604321 0.930733323097229 24
1707681639913 0.932366669178009 25
1707681676265 0.9353500008583069 26
1707681713637 0.9312666654586792 27
1707681749572 0.9333666563034058 28
1707681784767 0.9355166554450989 29
