1707680823404 0.11680900305509567 0
1707680860075 0.08906052261590958 1
1707680895065 0.07910044491291046 2
1707680931531 0.07580965012311935 3
1707680967547 0.07116629928350449 4
1707680999318 0.06767280399799347 5
1707681033468 0.06525453925132751 6
1707681068541 0.064999058842659 7
1707681105982 0.06172190234065056 8
1707681138862 0.06026362627744675 9
1707681169106 0.0581836923956871 10
1707681198522 0.05663282051682472 11
1707681227965 0.055182185024023056 12
1707681256258 0.05483875051140785 13
1707681283526 0.05320318788290024 14
1707681310971 0.052738215774297714 15
1707681339931 0.05183715373277664 16
1707681370212 0.05067690461874008 17
1707681398800 0.04986114799976349 18
1707681426264 0.05010250583291054 19
1707681455591 0.04987656697630882 20
1707681492231 0.04900839924812317 21
1707681528373 0.04786936193704605 22
1707681565645 0.047951117157936096 23
1707681604321 0.048431359231472015 24
1707681639913 0.047715749591588974 25
1707681676265 0.046136628836393356 26
1707681713637 0.04770150035619736 27
1707681749572 0.046460047364234924 28
1707681784767 0.04648086056113243 29
