1707683237546 0.8253333568572998 0
1707683272476 0.8739500045776367 1
1707683309657 0.8876166939735413 2
1707683348876 0.8923666477203369 3
1707683384092 0.9018999934196472 4
1707683420077 0.9097166657447815 5
1707683457804 0.9116666913032532 6
1707683497652 0.9183333516120911 7
1707683530803 0.9182666540145874 8
1707683559330 0.9205833077430725 9
1707683586981 0.9243000149726868 10
1707683614510 0.9256333112716675 11
1707683646543 0.9257333278656006 12
1707683674681 0.9258000254631042 13
1707683703221 0.9265666604042053 14
1707683732118 0.9301000237464905 15
1707683758769 0.9313833117485046 16
1707683791886 0.932616651058197 17
1707683826918 0.9345166683197021 18
1707683861588 0.933566689491272 19
1707683895742 0.93586665391922 20
1707683935224 0.9354166388511658 21
1707683972489 0.9381999969482422 22
1707684010299 0.9396666884422302 23
1707684048210 0.9401833415031433 24
1707684083595 0.9386166930198669 25
1707684115536 0.9395166635513306 26
1707684142962 0.940500020980835 27
1707684171404 0.9426500201225281 28
1707684201880 0.9422333240509033 29
