1707683237546 0.10139666497707367 0
1707683272476 0.07848379015922546 1
1707683309657 0.07077115774154663 2
1707683348876 0.06717351824045181 3
1707683384092 0.06266473978757858 4
1707683420077 0.059128791093826294 5
1707683457804 0.056980978697538376 6
1707683497652 0.05447005480527878 7
1707683530803 0.05314856022596359 8
1707683559330 0.0519007183611393 9
1707683586981 0.04963402822613716 10
1707683614510 0.049564849585294724 11
1707683646543 0.0487481951713562 12
1707683674681 0.048057712614536285 13
1707683703221 0.04725189134478569 14
1707683732118 0.04623953998088837 15
1707683758769 0.04616768658161163 16
1707683791886 0.04436551779508591 17
1707683826918 0.043259359896183014 18
1707683861588 0.04364178329706192 19
1707683895742 0.042979639023542404 20
1707683935224 0.043105002492666245 21
1707683972489 0.04181107133626938 22
1707684010299 0.040203649550676346 23
1707684048210 0.04023807868361473 24
1707684083595 0.04078466817736626 25
1707684115536 0.039773475378751755 26
1707684142962 0.03972425311803818 27
1707684171404 0.038673389703035355 28
1707684201880 0.03904471918940544 29
