1707681950065 0.7298666834831238 0
1707681984652 0.8465499877929688 1
1707682023601 0.8751833438873291 2
1707682060534 0.8850333094596863 3
1707682098346 0.8938666582107544 4
1707682133263 0.9005666375160217 5
1707682168173 0.901533305644989 6
1707682203238 0.9052000045776367 7
1707682237193 0.9089000225067139 8
1707682270698 0.913516640663147 9
1707682306892 0.9157999753952026 10
1707682344717 0.9159500002861023 11
1707682377023 0.9215166568756104 12
1707682406003 0.9243000149726868 13
1707682433814 0.9263333082199097 14
1707682461258 0.9291666746139526 15
1707682490857 0.9295166730880737 16
1707682519146 0.9317166805267334 17
1707682546776 0.9309666752815247 18
1707682574836 0.9306666851043701 19
1707682603344 0.9326000213623047 20
1707682631332 0.9321500062942505 21
1707682659116 0.9340000152587891 22
1707682687603 0.9351500272750854 23
1707682713673 0.935366690158844 24
1707682741566 0.9372666478157043 25
1707682770328 0.9376333355903625 26
1707682799344 0.9367499947547913 27
1707682828255 0.9369166493415833 28
1707682856484 0.9374833106994629 29
