1707681950065 0.1378779262304306 0
1707681984652 0.09245962649583817 1
1707682023601 0.0771649032831192 2
1707682060534 0.07317086309194565 3
1707682098346 0.06733767688274384 4
1707682133263 0.0652933120727539 5
1707682168173 0.06418194621801376 6
1707682203238 0.06207166984677315 7
1707682237193 0.0601862408220768 8
1707682270698 0.05816712975502014 9
1707682306892 0.05617877468466759 10
1707682344717 0.05534391850233078 11
1707682377023 0.052907202392816544 12
1707682406003 0.05062858760356903 13
1707682433814 0.050370797514915466 14
1707682461258 0.04834580793976784 15
1707682490857 0.04835221916437149 16
1707682519146 0.046926386654376984 17
1707682546776 0.04697106406092644 18
1707682574836 0.046982403844594955 19
1707682603344 0.0457378625869751 20
1707682631332 0.04564345255494118 21
1707682659116 0.044958628714084625 22
1707682687603 0.04479893669486046 23
1707682713673 0.044319357722997665 24
1707682741566 0.04289482161402702 25
1707682770328 0.04266984760761261 26
1707682799344 0.042907845228910446 27
1707682828255 0.04326046630740166 28
1707682856484 0.04241763427853584 29
